              precision    recall  f1-score   support

           0       1.00      1.00      1.00        50
           1       0.87      0.97      0.92        40
           2       0.93      0.96      0.95        45
           3       0.98      0.90      0.94        50
           4       1.00      1.00      1.00        36
           5       1.00      0.94      0.97        51
           6       0.98      0.96      0.97        53
           7       1.00      1.00      1.00        37
           8       0.89      0.93      0.91        42
           9       0.98      0.98      0.98        46

    accuracy                           0.96       450
   macro avg       0.96      0.96      0.96       450
weighted avg       0.96      0.96      0.96       450
