              precision    recall  f1-score   support

           0       0.33      0.15      0.20      1000
           1       0.40      0.49      0.44      1000
           2       0.23      0.13      0.17      1000
           3       0.25      0.16      0.20      1000
           4       0.22      0.62      0.32      1000
           5       0.37      0.19      0.25      1000
           6       0.44      0.25      0.32      1000
           7       0.40      0.32      0.35      1000
           8       0.39      0.37      0.38      1000
           9       0.31      0.45      0.37      1000

    accuracy                           0.31     10000
   macro avg       0.33      0.31      0.30     10000
weighted avg       0.33      0.31      0.30     10000
