              precision    recall  f1-score   support

           0       1.00      0.96      0.98        50
           1       0.78      0.72      0.75        40
           2       0.92      0.76      0.83        45
           3       0.97      0.76      0.85        50
           4       0.96      0.75      0.84        36
           5       0.91      1.00      0.95        51
           6       0.93      0.96      0.94        53
           7       0.77      0.92      0.84        37
           8       0.57      0.93      0.71        42
           9       0.95      0.78      0.86        46

    accuracy                           0.86       450
   macro avg       0.88      0.85      0.86       450
weighted avg       0.88      0.86      0.86       450
