              precision    recall  f1-score   support

           0       0.43      0.48      0.45      1000
           1       0.47      0.48      0.48      1000
           2       0.29      0.25      0.27      1000
           3       0.29      0.28      0.29      1000
           4       0.38      0.29      0.33      1000
           5       0.35      0.36      0.35      1000
           6       0.42      0.50      0.46      1000
           7       0.45      0.41      0.43      1000
           8       0.48      0.51      0.50      1000
           9       0.45      0.47      0.46      1000

    accuracy                           0.40     10000
   macro avg       0.40      0.40      0.40     10000
weighted avg       0.40      0.40      0.40     10000
