              precision    recall  f1-score   support

           0       1.00      1.00      1.00        50
           1       0.91      0.97      0.94        40
           2       0.98      0.98      0.98        45
           3       0.92      0.94      0.93        50
           4       1.00      1.00      1.00        36
           5       1.00      0.96      0.98        51
           6       1.00      0.98      0.99        53
           7       0.97      0.97      0.97        37
           8       0.93      0.90      0.92        42
           9       0.91      0.91      0.91        46

    accuracy                           0.96       450
   macro avg       0.96      0.96      0.96       450
weighted avg       0.96      0.96      0.96       450
