              precision    recall  f1-score   support

           0       0.54      0.48      0.51      1000
           1       0.62      0.63      0.63      1000
           2       0.41      0.33      0.36      1000
           3       0.38      0.32      0.35      1000
           4       0.42      0.58      0.48      1000
           5       0.46      0.47      0.46      1000
           6       0.65      0.52      0.58      1000
           7       0.64      0.58      0.61      1000
           8       0.55      0.69      0.62      1000
           9       0.53      0.58      0.56      1000

    accuracy                           0.52     10000
   macro avg       0.52      0.52      0.52     10000
weighted avg       0.52      0.52      0.52     10000
