              precision    recall  f1-score   support

           0       1.00      1.00      1.00        50
           1       0.97      0.97      0.97        40
           2       0.96      0.96      0.96        45
           3       0.98      0.96      0.97        50
           4       0.97      1.00      0.99        36
           5       0.98      1.00      0.99        51
           6       1.00      0.98      0.99        53
           7       1.00      0.97      0.99        37
           8       0.93      0.98      0.95        42
           9       1.00      0.98      0.99        46

    accuracy                           0.98       450
   macro avg       0.98      0.98      0.98       450
weighted avg       0.98      0.98      0.98       450
